1044
2956
1089
83
59
259
795
656
2769
1020
2871
2973
916
3247
0
2561
736
754
530
2443
1046
1828
3021
3381
2304
741
1917
1466
2389
255
2601
1594
251
1116
2969
285
310
1101
2383
1257
2298
1300
386
1202
1995
657
851
3348
2638
2888
2740
2138
525
3010
2717
1980
2215
1125
1050
697
3119
3206
2839
1821
1439
1960
434
2447
596
286
3057
2171
878
845
306
1221
1819
2578
3129
780
2522
2097
2292
1452
2129
813
2167
2566
635
216
2515
2468
2806
901
2471
2896
2206
1004
2607
1789
405
273
1234
604
2924
1410
2632
290
2867
2745
1115
115
708
1049
2954
1624
2827
1717
3095
152
1215
440
3209
1391
1433
720
299
1595
1497
2352
1658
891
3157
3344
1580
1081
954
1702
2030
803
2009
2200
442
2158
2957
1604
3267
2959
3341
642
2672
776
1978
2615
3120
3379
1863
870
157
1940
2690
1852
767
2250
1779
861
406
2141
459
140
1425
1274
3075
321
2207
2293
2729
2224
2570
1272
1023
913
1625
3316
235
2610
574
705
488
2120
120
1677
930
3040
1444
3314
1728
625
944
1494
3269
2986
847
1887
2458
1608
2057
1239
2064
1740
1615
3099
33
315
1948
319
2428
595
2692
3378
2998
2374
2630
790
2101
2203
1164
3252
2105
2180
1521
815
608
1477
2092
1633
1529
852
2235
918
2100
1109
302
3228
865
1545
1009
2691
3048
1415
385
2704
893
204
1983
2588
1325
265
1982
2898
1267
3144
3086
466
382
1427
2857
1900
327
1999
503
3280
2071
1583
824
3121
2793
2730
2613
2975
3239
649
171
615
1610
619
1420
704
981
2149
283
1121
1060
1883
2604
1495
263
2334
2243
1547
2281
2646
3323
3192
1810
1015
987
3235
727
308
363
1316
1724
1817
211
947
1551
1974
2463
1818
1649
2727
2065
2108
223
1265
934
1240
3175
809
1170
1938
2865
1871
2505
3370
1965
3313
1372
843
2430
2564
2829
455
1456
366
3308
1339
2091
1174
2189
1336
1893
972
1312
2274
2520
2080
469
2714
3096
2498
462
460
1912
2370
3284
2168
529
2078
507
2832
2719
2371
1870
2210
1913
2225
2320
2188
3061
191
1067
2414
853
2541
606
3197
3117
3033
1554
1212
2083
2339
197
2516
883
3229
2572
3210
199
2883
1078
1149
2319
2713
387
3321
3141
545
1375
618
2909
1154
664
2912
2609
1645
1799
272
605
2303
2792
2994
1543
2048
2760
2019
2422
1539
1058
3334
611
2590
1860
380
2107
422
867
2046
1071
1449
1585
558
1199
2759
132
1345
977
1708
364
920
2664
1269
1034
535
3169
2660
2966
3216
2082
2669
3064
586
3156
1350
2337
2647
1823
441
684
3138
384
2205
226
1436
2423
580
895
1540
1196
816
2392
2797
710
2970
1114
629
2649
97
118
512
1533
3295
1225
30
1691
1790
2031
166
2567
811
2702
207
554
2056
511
3056
1490
2830
719
1295
3302
731
2724
2190
2972
3376
2330
1126
3122
713
840
2089
2593
3
2156
1577
2920
2992
80
2404
194
2201
896
1233
2935
2915
1120
968
1778
29
1435
3065
3385
409
832
3071
3092
1888
1193
421
1024
1424
3148
186
1329
1839
274
1951
1177
1878
2427
3248
2109
1053
2393
692
3289
2239
3139
804
1555
3001
1442
2907
3305
3024
2623
3244
1636
3200
1446
2700
113
1019
899
478
2819
2160
1082
3397
294
2198
1138
2354
2596
1086
2040
1331
2816
436
148
569
747
130
563
2942
617
102
2493
973
2651
515
2490
2625
665
1673
538
2410
1935
694
219
793
3002
2835
2929
626
1347
1070
1054
1663
827
492
2388
281
2390
798
3158
724
945
1908
660
2833
2504
392
269
2990
1361
2312
1205
890
2743
1282
2752
1147
502
1360
2063
2455
1421
1744
3282
3042
3374
905
1395
2831
1243
1179
3287
2735
257
2875
109
506
1275
903
687
1706
1968
1659
3366
2456
2308
965
3358
3285
359
666
950
1191
2687
271
1927
2782
854
1861
1797
1563
873
2457
2695
3067
1482
661
1541
1145
2209
2560
3355
2487
1771
1631
2338
1686
949
3352
175
1155
3185
88
1762
24
3330
2038
413
1136
174
2181
1355
2768
2686
2709
3354
1072
3238
924
1751
1559
1550
1291
2574
407
1848
1363
1784
354
614
1694
942
2991
1531
2696
623
1793
786
403
1825
1337
1143
2846
1688
1834
3207
1891
2349
429
2137
1512
898
342
3224
591
1077
3309
3262
2778
1479
1018
1746
1560
1590
179
1642
3059
2420
2497
2113
770
976
894
2891
472
282
3234
2866
77
158
1689
2817
76
807
2204
2086
2805
1967
823
1622
1811
1581
1695
546
124
303
419
2836
2131
43
2532
2548
1148
3084
935
3331
2155
3005
2196
1532
2563
2045
2432
672
1402
1383
3298
170
497
178
2583
222
2177
1579
136
3089
45
1930
1181
220
2008
100
653
34
2059
50
2294
2882
3149
2321
2199
2050
2509
3310
2242
1837
1894
1993
2794
284
233
1000
3242
2433
2236
62
2948
2405
3276
439
1496
2346
240
3243
1820
2439
999
95
1480
3325
2492
1498
1387
2697
237
600
1507
2090
2582
2540
2130
2863
2176
826
3143
1080
2856
691
3253
902
1096
2004
3167
837
1843
779
2426
2559
1518
187
3288
2326
1750
1805
1758
3221
2995
2584
1945
1710
1632
1682
2054
1687
55
340
1296
775
599
1953
577
334
2342
648
2737
1183
2968
2445
2557
1457
752
2788
2386
863
2786
3281
2460
2936
1236
3026
2103
1666
3268
1846
2219
1110
2172
476
3035
3260
1964
3097
1131
526
3394
2534
1303
1332
3189
640
2895
1808
3038
995
858
2616
410
1803
2355
1499
3094
450
1416
1578
1741
2514
2025
2232
1175
26
2823
675
2345
2597
1831
2464
964
2513
2084
3315
350
159
583
485
1546
3250
686
1867
517
761
567
1806
1366
2202
1165
2116
1113
2762
2499
1112
480
2313
180
576
1458
677
1333
1597
2396
452
400
2102
2670
3062
603
2489
2341
432
3182
260
401
1737
2179
3306
3343
2197
1929
3388
3093
1133
1430
2952
2216
1896
2783
2035
1298
671
842
451
137
153
1683
3357
1651
2344
1907
1173
2039
141
877
2017
1247
1886
22
1584
885
1898
528
2925
1264
44
2221
1549
3208
2033
3361
1061
3128
2314
1266
2938
3009
1676
2886
1720
2329
2680
2249
1040
2053
1237
2473
2331
1385
1214
2963
2916
2384
481
1451
298
1616
2906
1768
819
2251
1271
1858
2431
3198
73
2036
1367
3338
2501
959
2728
991
2500
2142
1076
1626
1910
164
378
1429
1153
1835
2589
1207
2280
2576
1351
541
1882
1484
1652
1734
722
3393
1798
2919
602
2441
1119
1390
726
415
1374
1088
2482
3116
10
1027
663
1102
1807
2469
1162
142
1602
2060
3292
1394
562
428
2121
1957
93
2530
3196
2194
2357
3044
1263
261
3296
2694
1176
2454
1660
1472
627
3254
2037
3083
1256
3100
802
1739
1398
744
1219
2838
1384
2707
1738
1483
3193
796
582
1235
543
969
3109
2931
791
2481
2453
3025
1772
1614
2770
131
3027
1644
2366
1558
1321
1571
193
2905
1705
556
228
162
774
1475
2880
2317
2297
1105
2051
3322
632
1567
15
970
1952
31
1459
2307
2213
2015
1400
1690
23
3215
527
2698
1455
2950
1918
2951
78
3049
1601
3319
2343
1840
356
3307
2733
2273
47
371
1920
2311
2077
2418
3220
1548
198
2488
2322
111
243
2066
3375
2748
2424
3231
2927
1503
2811
579
1493
1014
3328
979
2877
3336
1764
1897
1914
411
2842
2069
266
1294
760
139
217
1364
590
2305
2475
3081
1525
90
2554
3063
1869
738
3013
2094
1208
3346
3237
733
641
3123
3132
2928
534
647
1137
381
3232
3054
2547
1721
1111
2774
3073
1827
2773
3271
245
680
3131
1464
2503
1008
2535
2163
1844
638
2533
3279
3155
2400
3191
2222
928
398
2340
818
2402
2000
1051
2041
1315
2159
241
2415
1217
101
2359
3218
1966
1856
1093
2775
1956
714
1892
740
2375
201
1729
855
2358
53
2870
2708
1268
2279
2739
3031
3107
2712
1506
1915
806
3079
1280
2258
1032
2147
2007
2921
490
2960
1453
654
2620
268
1106
457
848
3115
2675
3184
3277
38
2269
312
2049
2706
1698
3275
2933
2893
2922
830
305
3019
1107
1714
1099
2028
1971
2412
1150
866
325
2240
82
3126
1621
2217
1743
2703
2868
1538
160
1829
1356
1330
149
138
2264
2984
2452
3332
2214
1857
2965
504
739
967
1447
1791
2425
143
3211
2628
3324
531
2820
3317
1030
559
1699
3136
1311
2231
1748
2241
1979
1200
195
2765
904
1437
468
695
1182
169
3351
3145
788
1587
369
2061
1853
1593
1528
715
1780
200
1865
188
1393
301
1955
814
2551
3127
125
1973
706
1422
57
2448
1670
2276
27
2479
3045
1005
1278
2347
872
2732
1002
3147
1348
1801
465
404
3068
458
1188
3249
2608
3165
585
206
2394
106
2650
1448
1905
2494
2881
2546
1344
2295
1519
993
1091
74
393
3176
2851
2408
1064
801
3152
1151
3293
105
1598
1186
1431
610
147
1565
882
3318
1262
1376
1327
1213
836
3029
110
2233
2592
205
2876
1488
1006
1713
1603
2234
984
12
997
267
3259
3108
1937
2285
3051
2964
682
2310
3392
1520
2862
1474
742
4
1711
1606
835
1511
2429
1842
765
1674
3150
3270
3050
886
2518
168
876
423
1370
264
1774
2099
208
3312
2772
2024
49
2663
612
377
3140
2538
1700
667
1211
2661
1025
2705
1756
598
514
1251
2818
712
2605
986
246
624
2618
1231
2710
1792
2577
3364
1352
430
2780
549
396
2524
2034
3039
3052
1445
3286
2260
1117
897
337
1866
1172
213
81
11
1028
2751
5
678
2465
3134
2411
1301
2860
1036
2758
2152
3060
28
2731
3000
900
1637
1570
1100
2115
1950
1909
357
966
3168
1313
2930
955
1485
209
499
1090
3266
808
3036
1895
1127
1640
3339
3178
1289
2958
2946
639
2451
36
693
2369
2421
1879
1679
1185
1238
2140
1087
1970
2164
2987
1189
3201
1725
1314
276
2254
1685
1755
561
40
1013
2098
3080
948
1627
1052
3377
505
1656
3349
3372
841
2360
3124
89
2467
2798
1696
2186
990
1667
1224
1796
1293
521
3082
1069
1599
2619
2976
1727
717
1504
2324
1773
711
1414
593
2444
2671
314
696
3301
3274
2903
1334
1763
2776
447
3363
1838
1134
277
1270
64
833
3077
1308
2466
1931
633
2502
333
2257
1994
2656
2941
2401
3311
1826
1742
2268
578
1884
1998
2378
701
1297
960
471
2764
1322
2398
2440
291
425
224
2612
607
522
1719
2779
35
1056
289
2885
2781
871
360
1438
859
2985
3190
3233
520
1753
1326
799
1194
2153
456
763
2029
1166
1977
1954
1885
346
2761
2682
2914
1378
3291
2562
1373
1320
116
2913
1712
3017
1059
3003
597
2685
1342
1989
700
2461
751
2756
1794
2348
1118
764
3160
2005
2947
1638
1678
1628
1481
446
2187
2648
1097
2822
2642
3360
555
1923
332
1573
881
1889
3398
349
3113
850
3256
2828
2277
828
426
311
2825
172
1781
438
2790
2716
1492
2283
1841
2981
2296
2450
1641
2529
1574
3199
161
932
2302
1874
2955
2631
537
1745
3251
1984
1389
2527
3272
32
3069
1899
2521
601
435
1281
1537
3227
2785
2270
2771
2617
1285
3177
71
1906
2815
2850
2238
212
756
2265
242
203
1936
2246
797
2081
2367
2161
1575
304
449
2486
239
1759
2245
104
1338
2598
2641
184
2261
1804
3018
1586
2879
2
2507
1242
374
1195
2123
25
3179
1286
2799
3369
1647
338
1159
395
3353
1249
408
221
2288
352
2634
1310
2845
1324
1800
3022
915
2569
1675
2800
388
1319
2666
1290
1092
887
2654
2449
1509
238
3105
52
358
880
254
2001
287
2693
3030
1620
735
2676
2013
3273
729
2248
475
1850
652
980
2603
3161
921
2585
1140
2070
2543
3333
3020
2368
3047
3008
1661
2807
63
1996
1085
3204
129
1718
2789
1561
662
1043
347
1505
812
1381
956
2911
3241
1460
1716
3135
2023
3187
3162
69
1246
2127
1098
1001
2655
1232
931
2667
1949
1029
1083
2382
2446
3118
2679
1613
2555
3023
1022
3171
2480
1715
957
2284
1206
933
414
2211
989
1190
1204
1228
1441
681
3098
637
737
1648
122
925
1454
1639
1404
699
2247
1142
2301
1766
1607
1178
2622
1359
1171
2055
2602
3053
123
958
3342
753
2148
939
390
2282
99
445
2165
1382
3007
2485
2892
2626
2185
2223
1939
2767
1463
278
834
280
1399
2754
79
1354
1041
2377
165
810
470
345
1465
2993
2191
2020
533
1760
2910
2934
1572
1491
2926
646
2208
329
1822
2336
2434
2573
1958
2552
2726
1123
2627
2899
1890
539
1704
501
909
1230
766
3101
1261
1066
2437
911
1556
943
940
397
1401
1981
3384
2183
725
888
1124
3246
2890
1991
2802
336
1396
621
1611
749
616
2652
822
3222
1470
568
889
2826
1279
3387
2267
3350
2052
1317
3058
1007
2977
1962
112
1776
60
318
1198
389
2662
1103
2889
1903
2353
2365
3265
1815
2327
189
1371
2746
2112
372
2988
227
1255
1307
2558
1471
2953
2837
3396
1304
2923
2673
1733
628
1783
983
2766
1379
135
1500
1911
2581
339
103
48
2011
134
344
489
536
2491
56
1309
1380
1881
3090
3004
1328
1254
2855
1461
2289
2840
2145
416
2381
1582
1859
2111
2409
2413
2044
2980
552
2624
1802
2266
1795
1501
1192
473
443
2723
721
565
2571
1299
1566
72
1629
295
3335
1576
293
2519
2212
910
483
1197
37
594
1969
348
176
1523
1406
3205
2864
1222
787
1605
723
210
1985
1775
288
650
1947
917
673
773
1513
2795
718
316
2135
1012
1515
630
839
65
3091
2472
2417
1824
2166
317
2229
2003
1944
3195
2272
2636
163
2979
3142
518
1997
1933
1104
864
1365
496
2290
927
1258
2395
21
2747
3111
860
2006
232
1782
1323
2852
2309
2291
2859
547
2151
509
2844
275
821
2483
3186
3085
1287
743
3236
998
952
1473
108
2175
3104
1589
524
2699
690
2841
689
746
2753
300
1467
1617
3088
645
1809
3074
1668
892
1976
2014
1669
1924
2684
685
1468
3347
2146
1141
573
2262
373
1618
258
418
412
3076
3212
2332
1880
1392
323
3303
548
2587
1562
643
2849
2525
1443
982
2104
2379
1305
1223
1146
584
3257
2218
98
1990
1163
1038
772
230
1833
703
494
3159
2385
3219
1160
1095
792
1403
1730
2821
1635
2459
2741
1623
519
769
745
2902
2228
1417
3181
1701
127
3386
270
2442
2062
2350
1486
750
2640
3130
3163
394
1450
1094
2943
1340
758
2974
2643
844
1413
1227
592
670
2674
6
420
3016
523
1201
2150
1462
461
1260
2637
771
1412
532
2184
1063
2496
762
3368
975
2945
1216
2476
2058
1921
1010
1731
1722
1568
121
2580
2306
91
2853
46
709
1502
2252
3170
2226
248
3327
155
2854
3278
2495
1557
145
58
1514
778
2901
2506
3294
2586
2595
1707
659
2227
2757
2192
2873
2362
2074
2874
829
463
2072
551
1167
2144
1765
92
1777
1552
1031
313
1302
674
2932
2629
453
2887
589
716
1769
3114
2812
1813
553
3367
2170
3383
1816
3362
1510
732
1693
1665
1489
1073
1987
2659
1130
375
1787
2897
448
631
2275
570
757
1655
1426
2399
236
3380
1672
1248
1654
479
620
2010
676
1671
309
985
2645
2971
1876
825
951
2032
1048
1569
2068
550
2073
3015
491
182
1062
2470
1021
2079
1600
1836
2018
114
2085
2178
2193
1065
1830
1128
2544
1752
2154
2997
362
1592
2351
1877
2244
2484
2539
1033
2139
66
1851
2523
2173
1902
540
2872
3037
361
1946
679
613
1476
1864
869
2721
173
3087
2878
454
2869
3137
196
1992
1318
1516
2391
1904
1832
183
1055
2416
214
2012
2550
2744
2804
1434
3261
914
1942
1535
2606
3340
2114
862
2510
3263
2978
846
1017
1026
2474
1922
2556
794
3395
484
1068
996
2299
3283
777
988
146
107
2157
177
1226
3014
1259
3226
1283
1928
3102
919
437
1664
936
2810
702
2904
2715
1986
1963
2803
1854
1011
2531
588
1306
587
2894
2665
938
341
1754
2118
1132
2908
937
424
2801
1139
1144
1335
609
963
707
1975
2397
2271
1522
1037
560
75
2940
256
2537
328
1039
1
994
3217
734
728
2683
3299
3043
156
324
1855
2542
1440
1386
1934
2361
1122
1042
2787
1432
498
1408
941
2088
1726
669
785
355
1926
2809
2614
781
1943
838
343
2738
399
1487
234
1362
2002
2517
2722
330
61
474
2511
3345
3371
1047
2462
1135
2847
1527
831
151
508
13
1761
783
2917
367
622
1988
370
2536
2791
3066
1353
1418
3223
322
3151
353
908
3304
1428
849
3399
1161
487
2182
2720
3365
3070
218
3202
2900
2688
1630
1388
154
874
2962
444
1919
1544
2796
789
1681
2681
70
249
1723
2016
2678
730
1346
1749
19
857
2021
3103
1184
1526
86
2126
2119
1770
1368
1814
2750
2435
2230
94
2939
2918
636
1478
668
1703
1129
2848
2259
2983
2568
971
2553
2742
510
2356
1245
759
3072
978
683
2419
2834
2508
1530
962
1959
2364
2526
856
87
3133
3359
3320
923
3230
3125
1596
2755
1680
39
3225
748
2512
1845
1788
126
1229
1157
3174
2162
3240
1405
817
7
2026
3356
2134
2718
961
2763
912
2095
1517
2565
644
167
1341
128
922
1045
651
2478
1469
2067
84
17
564
244
1209
1692
542
20
1941
2136
2106
1250
3034
2335
1423
1168
2824
2861
1288
2591
2545
467
2125
3194
215
1657
3172
2128
85
3046
805
486
2814
953
117
2621
18
262
1757
231
3006
383
2143
2220
493
2407
1564
326
1868
2253
2961
1152
42
3011
2093
2042
557
2599
2477
906
3078
2858
688
1553
1542
572
784
634
2944
427
3337
884
2438
1075
376
1084
2611
96
2237
2169
544
2884
2174
8
1079
1812
2633
2528
3203
477
3297
2022
307
2043
929
1872
1156
2808
1736
1916
2996
581
3382
2363
1284
3391
1357
1253
133
3041
1210
252
3264
1786
1646
946
296
1634
144
3173
2653
2701
2318
2658
67
907
192
1016
658
1203
2403
68
2096
3032
2133
3164
2315
1407
2372
365
464
150
3326
1785
3012
2639
2635
655
1849
2124
3146
14
2132
1277
2195
1074
500
1735
1875
2387
875
3255
755
1972
2594
320
1241
2075
54
225
2784
2110
2777
1252
782
2087
2734
1169
1180
1035
2999
2256
1508
1057
3213
3390
185
2376
3389
1409
1358
974
3214
2937
41
2436
119
1925
2047
368
1847
1524
202
3153
402
571
3300
868
1653
1411
379
9
2982
3110
992
2689
1588
1108
2725
1158
1187
1292
1377
1932
2278
3373
2286
297
2263
566
1220
2027
247
1767
2328
2813
3055
482
820
2575
1697
51
2749
800
1901
1747
1961
2333
2989
1612
2579
2711
2373
431
417
2949
2967
2287
1643
351
3166
513
879
1397
3106
1732
1619
1536
1609
292
2300
1684
2323
3329
2316
2325
495
1369
1662
181
1273
391
2406
335
229
279
1419
3245
190
2668
3028
2736
433
16
3188
926
2843
2117
250
2657
2076
2644
2255
3180
1276
1244
516
3290
3183
2380
2549
1862
768
575
2122
3154
2677
1003
698
331
1591
2600
1343
253
1534
3112
1349
1218
3258
1873
1709
1650
