2348
9370
9985
2163
4679
3933
8095
617
4905
909
4193
1077
5532
1217
4920
5360
4840
10202
7862
1339
7910
5765
8307
7092
7352
2851
4547
8405
5537
1608
2587
9236
4659
10008
4663
7402
3826
8848
2849
5443
9626
1240
7864
8532
6323
8798
9457
374
3470
2541
3276
8822
7897
8929
845
1993
8359
10309
10134
8978
6919
4372
5383
3057
10103
4349
6418
7921
1136
7756
739
7006
2022
1903
4940
5486
7083
1002
6019
9722
282
6506
7602
5156
8433
787
2221
2575
587
4114
9715
6172
7358
2251
6825
1734
1006
2049
7625
7030
7265
4289
9322
9393
7212
1062
9718
7799
5075
7146
4123
10333
1460
7821
1636
4415
10175
9489
5275
4672
6543
8553
6053
5395
1069
1030
8443
9127
6441
8977
7866
3657
985
1566
1184
3109
3818
9190
10278
6994
3173
2725
7002
5528
4509
3168
3451
6815
4333
6948
9744
685
5258
214
4480
5314
8027
2354
3568
5534
9378
3483
3551
8009
3583
6123
7222
7298
8659
10097
8895
2944
2499
6681
3249
394
1793
5432
6426
6855
5211
9381
2545
7830
235
9716
8954
477
1704
3108
993
602
5610
3963
4554
7051
9476
343
10200
10133
10157
7409
9479
6719
4926
5392
8323
1604
1848
7463
7061
2961
2580
5286
7408
2672
3068
6667
2804
5507
1874
10238
6254
9013
3949
7456
6028
7672
7669
5720
8309
2592
3656
6370
6924
5648
7393
5512
9915
9931
6364
3462
9810
781
3189
1410
9725
5336
7600
7431
5377
4111
9253
5867
4817
1963
9101
3237
8696
9808
5615
5793
2162
9740
8014
945
7775
6112
3523
2585
593
4618
3263
9976
524
2588
397
10248
745
3088
8647
1161
5780
7787
1846
8975
5056
1784
6397
5999
461
8334
4620
2806
9084
1295
4202
1623
4179
3069
609
3658
6149
4876
3986
501
7955
10215
1303
3371
5185
5857
9540
805
1243
8582
2355
5384
2329
9878
4713
1777
1763
7749
10050
4353
898
4264
759
9507
3126
7873
1461
141
5435
2568
5029
227
9400
3450
7086
5326
5013
9607
2272
6177
6232
3207
1823
0
1503
7825
5077
472
6454
4790
992
10073
885
10355
944
4677
9222
33
6988
3235
7920
4243
8953
9011
1555
7629
6295
7858
12
837
1289
3940
5062
4893
1721
8048
5985
1983
4805
1670
2958
6884
2293
10249
9412
1724
8579
3198
949
3857
3555
10028
9842
2848
2534
4321
6198
4552
4035
2847
4781
7519
421
8923
3585
2166
5949
7763
8508
5961
5929
7444
6885
5555
7445
9700
3610
9962
7631
3968
9218
5462
1198
2158
2624
6304
6787
10352
7446
2782
3095
2097
7745
4523
8399
9848
84
1516
1791
10203
817
5644
270
6063
2990
9141
3200
36
264
1333
7
355
9728
1568
8790
6491
2102
1347
8884
4255
1819
8831
8371
7560
7214
5409
7165
8951
2876
156
5235
7613
801
4112
7236
4831
6920
248
5966
8939
1898
5586
4729
3679
3219
7392
7497
254
6383
608
3203
2430
5549
1250
6131
6687
4310
4825
7530
782
913
3850
8934
10060
8129
8937
9694
9311
9484
6686
10216
571
2658
4074
6954
780
7080
583
3461
1419
9352
7414
4968
8103
5828
5931
7232
8434
7628
9401
9727
5040
6110
3909
4794
5107
5121
8469
2041
5896
7476
6755
2472
8984
6077
8886
6056
10056
4878
10193
4865
5893
6236
6514
9385
10242
771
4195
4225
7063
833
9948
2945
2032
7993
1114
2375
6013
9870
10054
121
8033
7943
3530
7004
1150
758
9530
544
91
2775
5973
9675
588
43
5138
8324
465
9570
6683
4208
2224
3716
1094
4336
905
5941
4055
2303
7664
750
5692
8265
7637
5167
8882
2207
8612
5744
554
6817
8138
9414
8272
8019
6116
9920
7728
8442
627
4497
897
4183
7535
8162
5160
359
9270
8458
9829
1350
10111
400
8637
3617
7527
3938
4138
1932
6228
7357
773
535
3006
9245
8556
2415
4699
2786
5655
4566
8185
8989
4408
9877
9535
5042
3640
8638
2399
9521
6076
8931
4140
6589
6721
5963
3113
5297
5748
2635
7603
8243
3533
6936
1171
8738
1390
631
2431
2264
4896
4650
3112
3044
6652
7559
1413
5805
514
8966
7305
10083
5365
8385
644
9017
3496
6194
3397
5405
7652
8473
176
322
440
1915
3577
8126
9212
7009
3897
6887
4938
4793
927
9354
1379
7014
4982
3364
4558
2919
7829
10217
537
7510
3096
9204
8560
633
1869
3133
7604
3930
8275
6534
390
7512
5695
3186
4563
774
9280
74
7520
7195
7707
10173
4220
9894
8809
7551
1509
1711
70
5964
1264
1367
4210
1291
6214
10305
8748
5776
3141
3372
7027
4873
6464
1398
4366
4109
7553
4750
6258
9226
9338
5602
4385
9130
2497
4089
3969
1610
5414
8467
5256
4166
2916
6718
3354
3904
9168
9057
8017
7021
4410
7678
9595
5215
1093
2822
1179
7263
4115
5620
3747
3784
6398
3660
7154
8396
8525
1408
2053
2362
2175
5859
1987
6801
6038
356
3606
2259
3546
6843
4316
2671
7646
4477
6593
8794
7809
6726
66
7891
6812
1569
6346
8244
3338
7134
689
107
2903
9001
4779
7564
1880
10306
3887
4517
822
10006
1160
5346
8833
8397
9044
8041
547
2014
5844
8242
2729
601
6186
5911
8876
9833
1529
2618
9312
5274
1592
2895
5759
7683
8558
317
1197
10045
3122
10140
4429
921
6342
2748
3074
59
1490
9152
8382
8195
2540
10153
1478
2744
9398
7129
4016
3561
1720
4190
2696
6078
5322
4544
6619
6151
5587
5202
1519
2030
8249
10347
9622
4777
3988
1246
1200
5014
1357
5582
3353
3559
4806
7732
2021
2877
2906
4465
4002
8005
2143
3375
5753
1479
9447
2301
5568
5233
3885
4902
8783
7362
5319
8401
5642
8344
5656
220
3266
7322
8866
6580
8245
10302
9160
7653
8230
6548
9660
1561
4524
8796
8375
4104
8393
1828
2085
1564
6385
5988
3649
5259
575
1248
10330
7133
3376
7663
4012
5016
8961
453
4217
6576
6536
112
10219
2455
8101
10095
1888
6849
3794
2440
4237
5451
5408
6435
5229
8906
4528
2238
10290
6196
7627
10283
3967
47
3637
6658
7359
6868
4136
7060
1356
3642
5698
4428
1441
1511
6570
8817
6012
7771
637
361
3989
791
3440
2262
9077
6862
5004
5149
3008
7620
9591
146
4510
8765
249
3334
1804
5751
8294
5772
3631
7739
4406
8308
1308
2082
5049
10075
6571
7453
1201
7150
9638
321
7908
2565
233
10106
9140
4853
2280
9526
2498
1297
7857
9010
8235
7240
6554
6734
10068
2181
8660
3205
5492
8761
9602
2859
5357
528
5900
3666
1487
4418
4093
9864
3714
2576
8551
9482
4351
4994
3545
7293
2862
9611
158
2928
7062
2160
10139
4164
2008
10323
5812
7998
5422
3572
6775
6959
1797
4127
680
7142
3403
4755
6374
360
8684
9552
170
7752
3399
5257
3425
8306
4014
1304
2223
9585
3365
49
691
232
9076
4303
8081
6386
5307
216
6137
4170
9144
7502
9182
8247
3831
3791
9986
1068
2578
45
6305
8564
1445
4155
3553
9588
3422
10207
1364
1655
7186
7554
7779
3368
6108
496
8468
7167
8815
7532
5478
7824
6978
2421
3549
5529
4984
7220
4915
6371
9179
9164
8066
3889
4957
826
7110
5786
5983
8944
5515
937
10186
9515
1770
2840
3464
2154
3180
5691
2613
2646
188
6597
7101
2373
628
7238
4212
1577
3233
2538
5096
4826
3159
4535
8020
1386
6252
246
7401
1560
3519
5371
4983
2829
500
2561
3942
2376
3590
8557
7879
4419
4046
3062
1346
1489
4889
907
1163
6971
166
2999
6313
2752
6058
8145
6034
7349
3729
7385
9659
6894
98
6165
1187
7817
6358
9071
3719
9136
10041
4723
1352
6408
1572
2732
7624
9237
6036
10160
7567
4734
6368
1542
9240
3812
8598
1224
3429
1668
1928
4435
9151
6387
3786
3063
2938
4420
6893
437
2208
3492
5741
5378
2342
9858
3854
5833
6798
9163
3524
9884
8533
8518
2107
3635
10208
8197
4864
6594
10091
3117
9577
8271
9059
1388
10367
5637
3306
4320
786
5260
428
105
5712
9710
8881
6440
7902
4211
4108
10345
9928
1066
4913
6121
4441
57
9092
1411
2692
6875
2791
5871
8708
3722
1377
3037
260
8785
4644
7455
4702
9682
3993
7988
3601
7076
3076
8519
1942
8825
3521
9397
7368
2873
6641
5043
3273
4914
2045
3512
3828
3566
9250
286
2247
265
6680
2441
8203
1980
1296
7782
10172
6639
6745
2947
1331
4521
3531
3790
1578
9717
8388
7984
3019
1334
3502
5099
1446
1985
9640
5093
50
9256
9426
7616
5579
7800
4013
1016
6184
4953
2269
9981
9992
9895
8578
8810
7877
935
10338
4694
6829
5066
7483
4209
7286
9959
4767
665
5665
1594
2757
6786
5255
7880
5774
3293
9227
7977
8722
3780
1318
2904
499
7173
1551
5177
4693
3360
9146
831
7259
5178
10351
1505
1740
4455
5287
3389
174
4029
6089
9257
4696
7924
9762
7658
3234
560
5424
3313
1634
9304
4653
520
6906
2423
2951
3626
3876
1063
8336
10101
6860
2316
9736
3707
1223
5953
9008
1944
3335
2617
4689
276
3339
9988
5359
5351
251
7867
3717
4857
3753
973
3465
9125
6010
2033
9784
4511
6469
8174
9847
3124
3797
648
2598
8253
6133
8233
4836
9849
8472
614
8716
4967
8821
1075
5981
4490
7016
7744
8227
4979
3890
8522
7360
9340
2391
7041
3932
3935
111
6090
1064
1531
3382
2349
6312
3147
4432
6107
5640
2745
654
1033
8142
5347
2363
1742
3123
7369
9855
3275
2653
7853
1643
2509
1055
1795
3534
6544
559
3865
8676
4272
8092
4242
7403
52
7490
6782
557
1301
9481
6504
2963
1675
1020
3067
9555
813
7333
1756
8381
3508
5291
2996
6940
8110
8277
9935
10171
5778
9165
4513
5948
5947
5471
2410
8897
3298
8826
1010
5827
10085
4438
8001
6765
3398
3906
8062
2428
1580
2096
7274
9795
4947
5273
6318
8832
1322
6135
1249
730
8403
486
9952
10261
6996
7197
5858
1910
4141
903
4287
5875
3738
8983
2758
1788
7477
7078
4993
7471
1174
4858
4036
8327
20
8837
9982
5221
8422
6964
2324
4613
5809
924
7245
7160
3329
9486
4079
8281
5730
5115
595
9079
5659
2753
4516
3121
1211
6087
3710
8693
5219
2818
4545
1941
8040
7426
1109
5572
5813
8258
2091
4546
9501
3131
5508
5965
5476
6327
668
1332
5814
1970
7871
8429
9581
5624
4268
8246
6122
9328
2776
8180
3922
5997
2719
1938
3931
9838
8892
407
7316
5155
4082
8973
3711
7071
5525
8965
2234
934
2826
5467
1183
7105
4060
2787
6970
6300
7246
5876
5302
1157
1427
5849
3773
3620
5539
8153
5584
890
7587
9440
6761
2762
6134
6081
1202
1375
4720
8640
5762
9958
7735
4006
9648
2603
6154
3669
3548
5886
123
5729
6722
9874
5785
6445
1425
7905
2018
4187
325
9735
5376
1009
10275
6744
1212
1899
7313
4219
8940
2788
6072
5108
2289
8256
8154
565
1939
8677
335
4599
2659
763
5455
7895
8616
3045
4796
1159
7802
1170
5866
3110
10130
5071
9266
2962
1003
6092
1728
132
6648
8088
4126
4541
7475
1591
7164
4955
9331
7544
9466
3999
3843
3499
6565
8210
9325
1400
2784
2037
8734
5709
9809
9524
2755
9491
9770
5683
6696
10342
8996
10165
3140
1458
6290
6675
10294
6045
215
4244
2425
9806
2817
8202
448
7529
6421
9373
778
4317
8861
6553
2106
7394
4908
1651
6691
3764
4325
6009
1315
4980
933
1100
570
10269
9608
1709
7124
1622
6164
1444
4786
6345
1199
10052
8909
7116
2434
8061
7347
5222
3948
2901
6481
6741
3634
2506
7499
6705
3418
7872
2304
8668
6023
4682
3739
5226
7082
8139
6393
309
8599
4011
7887
9938
8172
2065
2433
1226
3072
8864
7390
8943
5487
4596
1307
8343
3431
6326
4619
8159
5715
8063
9729
8445
2714
1261
3047
9371
3081
292
5530
4848
4942
2558
104
7694
2113
6338
2880
9557
4222
5250
2277
1205
564
902
6484
4601
8538
3215
3352
8106
5932
3536
795
591
8786
7741
6114
9749
1155
6129
7315
7850
2127
3423
9306
6999
965
9060
7974
9934
9953
2789
4433
7839
5028
6724
616
480
8526
7552
4961
4788
9317
6531
9410
4156
5606
7387
1933
638
4568
2254
8820
9073
4800
6879
2683
4673
1943
10128
7481
1567
3605
5554
5450
2825
1007
6094
6261
10149
825
9556
2312
7539
351
9751
8280
217
9296
2872
5718
3690
9233
3630
4161
8400
7208
3320
4361
3982
7376
10074
9430
1717
332
751
3510
9676
9972
4888
5143
5385
1549
4839
2487
2573
3014
7203
8065
5974
10243
3748
6612
9064
95
527
2443
9315
9065
6910
7443
7311
5657
2416
9942
9078
5711
3760
4102
4294
3150
8353
7266
3557
814
7917
8031
6132
419
9505
2384
6981
8036
4279
6466
8412
8915
1931
4274
6591
5789
6522
4473
6852
4550
2263
3648
9726
3299
7680
7192
6376
2150
4643
8641
9546
3954
7148
2141
1435
10327
5779
3270
2039
4009
4981
815
4103
2360
1120
7288
9911
6674
4000
1269
4044
6115
5522
5817
7923
9510
9936
7987
1186
3111
1759
8643
4951
8263
1698
1923
1372
9249
9196
8221
69
4396
6735
3962
8093
2801
8440
811
8354
2206
5682
5352
574
1539
904
2169
6600
7807
604
1760
6343
7733
40
7906
1311
5822
9746
272
2393
2308
6915
5839
9609
208
3414
2627
3958
9999
8803
4533
1245
7025
7366
1978
1477
1866
7844
9267
4386
6517
1862
8318
4451
846
8131
6669
4488
2013
4159
4297
2594
4356
1864
6366
3361
8801
2466
6526
291
3171
8586
5902
10001
389
7950
8732
2606
3039
1921
2066
10339
6315
9202
6477
5461
9318
7556
6022
9904
6185
3210
4752
1858
4841
8685
7346
7612
6175
1127
2868
3615
1191
6866
7375
3056
729
4977
144
839
4249
9055
6710
2676
3201
655
1227
3097
6969
9088
929
3304
1723
435
6291
1280
2084
2459
6173
10110
7922
4120
7688
3283
2019
7574
3970
5588
8187
3059
5323
266
6230
9523
5925
8454
4658
3627
9329
1336
508
9841
8889
8494
1729
641
3629
1292
6238
86
5067
738
1036
62
9207
139
5937
2477
3537
9050
8431
1895
8481
6350
2170
8571
9383
6816
9069
3481
4712
5130
7881
8635
8908
7141
1124
1782
1753
4130
5650
3416
8372
9531
6646
7645
7594
4553
9603
3694
6629
3955
5109
7641
1098
9651
4543
9161
5301
2975
8811
6155
8543
7736
1665
9472
7719
41
872
2075
5763
6951
8885
427
662
7209
8046
4051
5234
8404
5612
9193
10350
9802
4654
4690
2970
3696
6183
868
8000
8679
2243
2108
4232
6201
1149
2936
1090
10027
4442
2147
4991
3687
2675
9444
6851
1281
3941
10253
5045
5676
1290
5853
4328
8367
7826
1277
5943
10299
8857
4633
6404
3582
10012
6697
2842
4360
1401
1852
3220
3619
9301
6330
7278
6599
7008
5578
4457
9350
6375
5012
1407
396
5959
8893
5254
324
8739
1438
9206
714
6627
3222
8606
9349
329
6405
8319
7478
7033
6220
577
5600
9159
9635
9674
4579
4168
6557
2134
9753
8752
7847
2734
8992
8768
5837
369
5176
2495
7248
9705
5643
1381
3307
6037
1287
3730
2099
9191
1452
3419
7713
596
6262
3913
6935
1952
9025
9699
5912
10335
10092
9302
7389
2922
184
8802
7507
6100
2797
9194
10227
169
7907
201
3654
5571
4
7650
3229
2071
5581
6941
9391
2609
5123
4354
9035
5196
3330
6804
3587
7100
3146
8930
7156
7639
2773
3554
8460
3277
4674
6502
2644
5079
9742
3402
8176
4003
5536
4106
5490
10298
2103
3020
5120
6187
7957
2977
8363
5590
4178
7485
6394
8723
5266
308
4962
9862
2749
6857
5396
2835
670
9308
2422
179
8818
9158
4801
8727
9111
5713
505
10087
1699
157
2913
1979
5335
7437
7488
8603
3677
7712
8771
262
82
5340
2054
3015
2648
6863
2448
9360
6203
8666
5979
5128
4667
5760
4483
5502
3337
3043
3503
9533
9230
6067
7151
6267
2964
5265
8079
3185
7981
1337
930
8161
5677
3380
5861
752
9188
972
9567
995
2898
6979
7281
6839
1085
10123
412
3504
9993
941
5618
9537
8395
3808
9706
2652
5285
3961
259
3061
1876
7015
1450
3040
2523
6620
1394
2994
8366
3105
9445
9408
10151
8330
4285
8437
7580
8350
1552
10104
7654
4774
1466
2837
2001
762
6494
9664
7130
7309
4387
8151
7909
365
4015
6332
9785
4139
3822
1524
888
5052
9464
4833
7611
1924
6520
4970
5080
1305
4258
5041
4280
2831
834
3485
5479
3929
7778
1253
3636
2631
4246
281
9913
8932
558
67
8963
10155
10187
1585
910
9053
7541
2068
5175
8772
6057
6234
78
3038
5436
9669
9661
2361
2907
5473
9590
9966
3834
5703
2640
7939
9738
3662
4043
7003
9252
9798
8218
1640
9098
5908
5208
6478
241
2188
3381
4045
10361
1754
7292
7418
3563
6482
873
2088
1359
2800
7276
3411
10220
6992
8029
2857
5448
4999
2011
93
5750
1440
3706
3541
2824
10356
229
3077
5660
8078
364
3497
3951
4085
5667
6965
10247
793
6297
7790
649
4216
2571
7218
2929
2875
7508
7128
9714
2056
4486
10124
8379
2028
3952
6546
8972
8994
8346
2690
6176
5680
2783
9046
667
7831
709
5977
7607
1790
4484
5209
6006
2086
5270
2780
4593
9450
9758
6763
2914
7035
5884
4194
5191
1789
4500
807
5044
7696
4160
5790
3324
1976
5736
2668
2378
1614
4925
6767
2855
89
7786
6665
7183
3291
10279
9438
600
8918
4594
659
8293
1901
8220
4172
2543
2153
10077
7235
5725
6423
2965
221
6212
9983
5124
5074
4221
2205
679
8430
6458
5292
2151
6768
3708
1208
3672
5227
8451
5495
7371
4732
2959
3944
1844
6244
1865
4197
2067
7711
490
3835
1548
6170
6790
8879
2117
1751
5214
7177
1510
3192
8163
2148
287
5192
8705
2359
4143
473
10093
8267
3104
2656
6513
4072
5565
6933
1193
5553
4073
5098
4635
2483
4378
10234
4520
6960
1713
6836
4600
2352
6042
3199
5030
5310
5699
5894
1060
1412
1286
6157
661
8436
2641
8926
510
5463
5023
9671
1563
7697
7642
9649
6450
4661
6943
3191
7590
3882
312
3388
6714
6282
7516
3023
7971
3646
5838
3588
7963
4946
6311
7380
855
4186
6188
10031
5341
4820
4536
4392
10271
9769
3919
9617
848
3347
2060
485
7615
1360
555
6505
2450
2882
2810
53
7287
1497
295
6456
8695
9909
1122
7953
8729
9203
7586
4154
6783
4462
5248
469
9792
4495
2432
7251
9124
498
8376
6874
8248
4401
10300
6637
1773
7182
2279
9431
6309
2369
9502
3516
6361
997
2357
1088
1279
9369
5630
5058
5998
7555
8283
5006
8175
2265
10317
3317
9224
9781
6694
9242
5950
4895
9116
10329
6651
9023
39
5391
3513
386
5153
2461
1922
1883
1553
1046
6516
5969
10156
4339
1059
190
3741
4843
2418
2275
7721
7468
1573
952
5038
4075
3311
7986
1058
8516
6495
894
6973
2722
6905
5356
700
7436
764
1584
7693
5477
1057
1523
5104
7997
2000
7158
6527
6204
9514
4845
5140
8891
7632
474
2256
7932
2586
1135
2533
9905
4350
5803
682
2043
8645
10204
7964
6865
193
1786
299
2662
3070
8156
5144
8297
5905
4238
5625
3082
7812
3777
5995
2869
9291
3700
9112
3491
79
3800
10061
10116
9832
2138
6975
1999
1971
2933
2770
6018
4928
7417
6168
3490
9247
2079
2968
10280
4589
5619
7415
1424
8566
4430
4224
3165
7501
650
8791
1587
4105
4379
10236
892
6266
789
4714
5641
5700
6412
6663
2395
8409
2864
5183
4706
2273
8782
1028
2912
1841
3328
10179
1783
5739
1886
2852
3287
9903
4753
2040
6830
1391
8450
5289
7841
5766
8699
6008
1641
6182
8296
6685
3836
9443
4100
9930
3525
7815
8461
2292
1965
3244
8
10185
165
8414
2180
7098
3387
6944
4863
3103
772
8524
546
10303
8198
7227
2454
6098
4492
4270
2572
430
5706
1203
8067
1972
7498
7028
2142
7205
5705
83
7462
3693
9294
4128
8634
4464
3878
5835
3427
7132
7099
2012
2194
9392
9241
5795
375
6847
7837
3493
1181
2281
2698
1349
7946
3847
5197
2830
3017
4610
2026
346
8057
695
10198
6268
4804
4852
1089
5628
8600
4952
7671
3258
1431
1454
9205
3852
4989
1251
5272
3401
4248
6075
6928
3420
7341
3010
2870
2910
7425
7055
6771
4651
2713
8317
7428
5626
5413
1707
387
7679
9883
2639
7242
4757
8112
5603
6757
951
1192
3182
274
6877
10264
6998
5649
9854
1994
4669
8901
106
1714
777
9319
2064
3269
3049
880
5877
1048
6802
4031
3344
207
7925
10250
1807
6560
940
4463
8779
7715
350
2444
7626
8787
81
6814
6672
2465
4832
7781
1259
23
7634
677
4802
7492
3974
7822
7019
3632
2463
6537
3805
6878
712
399
8655
5220
9365
7746
1284
2884
10129
8007
6066
5329
334
2414
6011
8871
3187
6462
1630
8690
6014
1919
9633
7730
6102
5410
9061
6647
1131
2957
4184
8111
6050
6281
5036
8427
3625
7073
8413
961
8050
9465
6870
4736
7805
7289
4531
5883
5348
4972
9677
4065
4472
4695
2132
9583
3302
6952
1897
7878
809
9970
1185
3776
3980
4145
4542
5353
1988
7125
1990
4745
883
7338
406
2027
7447
5679
9950
3447
8701
4727
5358
1399
2494
9261
696
1620
7228
6756
9406
4071
4621
5456
6503
2406
1363
8758
1954
10142
1995
4813
5623
8608
9255
7640
2892
6890
9459
7582
742
1121
9891
4039
2670
4096
9896
4062
6604
3501
8121
2681
2438
1108
3846
432
7568
6335
7181
7049
10245
8042
9876
10162
1918
1588
9856
6702
2726
2956
1917
9405
6273
7890
4063
1125
3486
4057
5203
8406
9028
417
7983
517
2110
4623
296
21
1660
9568
9534
6993
8335
7644
8513
9029
6759
4747
10358
4739
926
5645
6059
5157
8232
6270
9571
1913
7224
1957
72
5672
7050
4569
2955
384
7189
5441
5733
1973
4987
5980
3248
5411
1111
9173
9099
1679
8535
5710
402
1730
6474
5015
5158
2554
7659
9865
5662
4152
2093
1102
2893
5850
9477
1420
7466
1207
1902
1851
1637
4882
7691
9128
8098
9172
3314
3653
720
1056
3665
823
5312
9731
6227
3509
7159
9807
7458
2861
1103
9339
10346
589
9102
9690
7703
10291
10113
8044
3167
5240
7378
8521
2211
5599
9389
120
8681
7379
7859
5755
3064
1255
989
8438
1434
3454
136
8674
860
3130
710
999
6861
5636
168
9149
3078
5634
10313
3184
344
5808
10079
1403
9364
3833
7161
7017
9678
1148
10069
1104
1373
1771
1235
1433
6467
1506
3268
916
7280
2161
9003
6835
996
8910
3803
8074
6127
6856
4262
9095
1775
8274
2081
4726
6850
243
1546
8251
10282
2694
4548
2467
206
7223
697
2647
3542
5621
3618
5317
6083
9263
161
4628
5065
452
1257
8730
8920
462
5891
9917
4066
10094
2297
3957
301
300
2189
3997
7517
342
3100
8480
3409
4687
681
7588
1486
1645
4943
6777
3735
2126
3726
10341
3507
9888
5393
4518
9786
7267
1896
974
8563
8259
5509
8166
2130
797
10196
1078
3991
5897
3240
487
1196
4345
856
7365
2673
6436
948
5968
5137
783
3505
7951
488
8378
5516
1825
4307
482
3956
8416
1092
3042
5437
8633
6739
7698
5146
411
6797
6465
6367
4934
6193
2257
8322
8108
2550
4930
7486
5244
5938
3681
9554
5829
4034
7692
2971
171
10252
9305
3432
9553
5986
5078
4830
9683
3029
3152
8212
10270
7927
2754
2242
378
9228
3487
4640
6331
806
9604
5714
8749
8706
9427
4871
6716
175
2507
8137
5092
9961
6532
2276
3296
7855
9238
9667
7540
4018
1225
1116
4549
1499
701
2982
2420
979
6793
2105
1603
5622
8115
8967
6208
5136
4821
8979
5446
683
7791
9420
4529
4665
878
10366
2403
7022
4971
2763
7460
4787
4768
7496
7291
7583
9937
6947
3106
7256
543
652
5228
6146
9022
7860
7913
65
3469
2500
7794
2520
7675
9688
1302
8625
4764
8254
8545
5082
6541
5696
2146
1700
10233
1752
6242
3647
4231
8298
3385
2005
6414
1239
7457
5284
7318
7054
2413
6082
8387
6661
6360
6583
9012
4251
4129
2437
9243
7395
8097
5992
9880
6670
10032
9091
9759
3471
3484
7597
9309
8051
702
3886
7808
1916
44
10194
4507
7524
5722
7893
2525
8717
838
8117
1129
656
10360
10211
5070
7494
1263
116
8099
6294
8741
3757
6210
8488
6660
1868
4705
3158
1194
8591
3439
9503
6162
2750
9600
7216
3528
6671
4007
5003
9719
2284
1967
7340
7452
5972
3560
1044
2552
9290
9277
5671
2290
7720
8270
9587
4918
9612
4931
3241
4583
9495
9470
3272
7684
6314
5172
2607
4257
3792
5996
1345
792
9260
1095
2204
6199
9143
8804
5824
3480
10363
6789
7723
5452
3746
1341
7898
10188
2457
8894
5416
1671
9488
6844
9782
9251
7914
483
3245
9052
6524
6448
2050
4887
8149
4081
2596
8446
6650
9628
8462
4444
4296
8312
9996
580
1067
7489
6556
3758
9004
8646
8209
3676
6837
3178
605
256
1054
8341
2815
804
6106
1099
5048
4880
9599
3734
3950
7962
8120
9195
4564
6929
8329
5011
4265
1310
1642
5707
2291
2260
7836
3966
5031
9873
7135
330
9327
4113
3870
900
1156
6559
536
1547
1282
7999
7575
2948
7622
3740
7748
6638
9368
3295
9429
1448
9757
3892
6611
4094
5580
8262
9007
1374
2345
180
8491
5420
4149
9745
164
8570
6207
1147
1175
10205
914
1656
4380
1616
8240
6166
8286
9435
3209
3975
4555
9274
5150
9234
4056
8302
613
6819
3278
970
6380
2529
598
7934
4247
9018
8013
7343
3175
9560
8056
7935
563
7522
1517
3592
7685
6428
1421
9859
3315
7918
2318
2094
518
5842
9051
8140
1526
451
3884
4607
6390
1481
8486
8760
5825
3598
3650
2623
3691
7828
3367
4551
5545
7069
539
4775
1935
1652
8669
2833
7047
8109
6772
5791
1810
647
1619
6869
1785
10102
9039
3033
4471
703
2302
492
5112
1612
1856
887
5430
7994
288
2886
976
4049
9703
7275
439
7506
4527
434
151
9418
7868
4162
6880
3923
4759
6190
9906
9811
1625
8702
6372
5315
10191
9081
3796
4894
1061
8601
1052
8911
8114
353
5139
7766
5321
6237
1887
3699
2370
6695
981
6419
9860
140
9592
4540
8291
4634
4886
832
7438
7783
8365
2643
6603
5693
5670
3322
5742
7912
779
2727
10183
8146
6065
8709
3874
5366
7845
2980
6451
4236
1404
5989
4700
8845
6486
9058
2118
10311
9217
4799
410
2268
6659
1326
2488
2157
5180
3007
3193
9733
1997
5574
7321
5073
6409
9049
1803
247
7722
1882
1335
2388
2468
8205
2299
9701
7172
5826
1238
6449
2274
10354
6247
4267
9634
8144
8374
5935
2408
2979
4578
6480
6420
8155
7430
1050
1658
10021
6263
4657
252
9796
5940
422
1278
4897
2386
3701
1035
3924
4334
3685
2315
7419
9275
4709
5232
9790
953
9916
1330
6452
9265
8347
1659
1358
6269
8260
5251
6622
6017
4941
4761
3001
8721
2090
2518
3247
4664
7005
2120
7856
861
853
6235
8499
1695
354
9872
8577
6586
4678
533
5836
6867
5423
1951
3529
9454
2173
3415
7264
9346
10251
5960
470
1657
653
5764
8710
5527
4776
8089
610
4711
5064
7084
8164
4611
2069
5501
4318
5114
7074
8924
4954
6614
5816
8935
2073
2542
1032
6630
2680
3574
6550
8464
3917
9642
1473
6781
9881
2036
4906
2625
4501
4575
884
372
10228
2215
8504
10136
3728
4256
1991
4323
7157
4903
7619
1344
1586
1169
7916
1475
9259
3614
1654
597
10017
8234
6845
6976
4052
4512
8653
2220
8310
2799
2409
1285
901
1176
808
7018
6899
5060
7020
660
969
6939
257
9509
9054
1960
8493
8671
8160
4560
1025
5496
9773
923
5921
10168
8842
5697
163
10115
6325
1139
566
10064
3947
9632
1718
2282
7038
2046
2246
8226
9019
1222
5418
493
8128
6842
2382
5217
620
6027
618
7416
4234
1415
371
4281
3725
6643
5994
9840
4625
4683
64
7886
9755
1787
5338
8408
9756
8200
6764
5438
4823
635
17
3863
2116
9654
9142
2436
1365
1953
8123
4417
7412
8215
1053
433
8223
9332
7064
10018
9199
3539
3880
3896
1027
6635
289
8858
2156
2584
8028
4883
7572
114
9630
3342
1861
9908
7894
8059
3202
5616
3744
10053
8605
4614
4803
10125
9801
1113
2397
1835
7398
3194
1213
4021
6422
698
3522
463
1382
1008
8090
4188
6257
5204
4445
6319
8360
3985
8011
5298
3879
2513
4453
2024
6561
3143
9458
10273
4245
230
2171
1755
5469
7299
2199
9404
7656
1839
4754
8352
1298
2790
4402
172
7789
7493
5577
1579
8484
1167
5917
6222
2310
2935
4811
5916
7330
9139
9439
8648
4792
1621
5187
6791
6167
429
6016
5732
7193
1827
9020
3979
275
6911
3827
3883
6662
5594
9402
2560
1595
8496
980
553
2327
319
857
1409
10170
9434
3051
5944
9005
9892
1515
2595
2574
3737
4301
6316
8086
7834
4048
674
3294
54
1989
10025
8206
1537
5168
4487
5614
1254
5607
1518
9933
1766
7007
5962
3132
1465
409
9771
5103
8321
145
7072
7941
1231
2333
7168
10118
9995
7585
7788
1706
9697
75
4223
6828
3861
2874
4373
7942
8626
6447
3102
3540
5542
8694
4134
2201
7420
5777
4239
722
438
1727
5113
7609
6213
8736
7599
9221
5368
3032
7549
6145
1779
2177
2564
4233
3467
9799
6949
3476
2993
9293
4637
7397
9597
5907
6225
6463
9015
3603
4771
8627
6572
6293
1544
2306
844
6139
8361
1494
3815
2381
6461
3682
5627
8288
1836
2678
6596
9390
7011
6070
3864
7846
2136
7176
8583
8191
1948
5899
3832
7179
4904
5200
1685
534
5288
1112
1101
522
10232
1143
8071
6497
8219
9969
5611
982
80
8867
8770
9867
8325
3286
4337
7901
212
3407
7091
7109
381
5470
1710
9324
1741
6664
8900
2020
3936
7727
3157
460
6289
8618
9100
2442
9336
2231
6
6555
1274
8507
1117
5782
4609
10020
2706
2704
197
6068
1769
2458
68
1738
8555
8076
3160
9573
1930
624
8644
8208
1926
6615
7892
5632
8743
866
8733
4675
8746
4899
3668
9653
9342
1715
9681
10019
6871
9652
5550
5904
9606
9
785
6341
1166
4384
6525
7190
7635
7754
824
7215
3683
6180
3888
9281
5154
6097
9853
6233
1571
290
1507
10058
1378
7743
6101
3292
7350
8474
7095
9754
8700
6564
7087
4870
2915
3230
1021
2490
8595
1937
10326
5909
6128
10112
9357
6748
2813
8073
4807
8441
8568
3964
1678
5361
7381
1726
7792
592
552
6278
6431
2850
2909
9947
3410
8836
2657
2248
1522
6605
162
8439
8122
7806
9627
4692
6039
5330
5669
8959
3866
3983
5188
4556
3370
10046
4431
7724
7300
2252
8167
9264
2320
2667
4627
2159
16
5903
113
7662
8035
2597
3396
10146
9375
9326
297
2638
1593
3698
10015
7487
3009
6473
5658
4177
9492
9712
5685
10357
8239
10256
8094
8713
9974
9559
7255
9485
10138
3651
2814
9691
2473
8592
6806
4963
6363
8316
4030
646
1638
4797
2687
2112
1780
9551
6945
5426
1051
9113
6496
5731
7777
1666
10254
6799
1142
9120
3231
9156
2925
9134
6795
6715
3374
449
3073
2309
4846
8497
10349
5832
5613
8913
3976
874
3071
7206
7185
9162
333
1838
8479
7122
6260
9248
7187
2424
2137
946
622
1556
10067
9366
2836
3900
2172
7377
8789
8285
4389
5524
4708
713
8682
5269
5133
1436
4809
6373
10152
623
6096
2271
129
2505
5781
4117
8629
2493
1617
2392
9692
5035
7040
1689
8987
9170
5278
5595
8192
8506
2769
8774
1964
9621
5920
967
6780
1158
1189
3183
5686
2203
8546
9171
8830
818
8813
3176
572
126
6475
7241
1757
2055
4538
133
8364
8805
2226
7247
4240
7303
341
7521
2985
6950
5417
3300
3921
4680
6916
4204
5419
9596
6796
4080
3702
7848
863
1821
9670
657
2981
6937
4228
4107
313
4758
8968
8264
7592
9279
3127
938
4499
2155
6644
9594
3778
9299
9467
4494
6401
6283
6626
9089
29
3633
7979
8332
7960
594
7991
1138
3253
9453
209
6181
7708
876
7704
1840
202
9452
1470
6425
1703
3383
7797
9760
9379
740
9850
8224
4718
8515
9048
1312
8358
1663
8087
1118
6265
4229
4388
6931
828
5005
9185
4504
9137
8201
3770
6760
7356
5687
1535
6841
2720
94
3781
7504
6792
118
7413
6249
6573
9056
10297
2314
1627
3789
2619
8448
8745
7980
203
8369
7601
3405
4539
7636
3771
7367
9186
3571
3527
6071
4591
9636
8587
9624
1498
10047
4470
1598
367
8718
10266
7410
8814
4795
4816
1469
1746
7451
10126
1037
8214
1273
9209
3514
8840
35
8680
1986
2462
231
6160
4744
840
4390
8134
1152
9845
9074
4261
5373
1512
7605
939
4985
476
9668
9437
1692
8631
7262
9910
754
3624
2743
7093
3274
851
7479
3712
1688
326
4001
9579
3959
5743
8368
2042
3667
1533
8157
1495
6049
9866
9679
1242
585
9994
3214
5072
3242
2222
1188
8199
2655
3066
2808
6357
7762
9040
5337
1893
9544
8950
27
3154
3166
10226
1772
8268
6717
5918
794
6904
7742
5895
5505
4562
9825
4467
4090
6320
2519
10272
6682
8997
699
1927
3898
3129
7096
3390
1590
5105
5982
32
10221
455
7312
5412
5863
2321
636
6838
8509
1554
6002
5653
7272
5480
7972
4829
9499
7614
7354
6069
8868
9180
7798
5388
957
716
2746
6883
1814
1969
424
1908
6153
8530
9998
3134
4567
8501
2396
13
1744
9980
2733
7396
9868
3517
2978
8561
8113
8985
1453
2997
7231
7106
7273
9448
3224
7725
9685
4639
2531
298
1123
167
5519
8869
854
8993
502
1039
1300
2781
5404
3872
4171
6389
6529
6388
3065
7233
226
8380
2340
9442
4259
4874
6508
1702
6286
6378
3350
4603
464
692
5282
9413
7689
8728
237
9788
3098
2777
1962
3030
3655
4226
7870
4277
727
1974
4411
3661
5339
2768
6163
1576
3050
1911
9288
2730
2969
3692
7351
10029
6444
6005
5362
10359
9912
8855
4959
8069
10174
7472
4032
77
9548
6736
3680
5475
4313
4587
7576
3825
9070
2190
9372
1749
7525
10035
1220
1884
8766
9037
2236
5151
707
4326
5783
5481
8130
4496
9879
7119
4292
6567
4398
5127
882
6848
4900
4312
2460
7353
2184
9480
58
1270
9750
6617
2217
599
2738
2351
8489
4810
6521
9919
5735
8917
6240
9650
1602
8389
2372
590
4760
9582
3511
7139
8287
2063
4458
3684
4891
5915
2645
5874
3221
8958
7931
6963
9121
7938
2405
9244
1195
7833
6932
466
2402
6476
10005
8490
10150
6354
385
2261
6907
7202
4118
6930
1501
3807
8424
9367
1589
1483
8498
1690
1745
9513
3161
7965
850
2052
2009
4927
1252
9844
7546
8658
6359
5407
6493
5768
3446
950
4176
8475
9709
147
4879
2047
8147
3981
4084
8888
548
5719
9300
10344
240
6882
8762
1145
2802
1082
4097
5020
9778
9063
2124
9637
8540
5521
2092
1467
3466
6909
497
5834
3426
6328
3586
10281
3688
895
4917
3479
4269
7677
6813
2250
3290
1083
4273
10322
8621
3871
5663
6574
1575
1228
9036
4165
8969
4519
9201
8542
9045
10078
5283
3430
5241
5854
503
8505
881
9147
8980
3149
5880
9345
8829
2078
3318
2474
7550
6348
6020
9601
6259
7814
3953
10144
7034
9433
5125
6872
2889
10201
8737
5704
1581
6285
4047
2417
6977
678
306
3208
2202
9473
10231
8459
2129
7088
1011
5084
1762
1520
10321
4040
3363
4733
4119
6095
3720
10316
4098
5439
9890
4348
4010
1849
3153
1165
1853
1984
2480
1476
1920
6004
1925
5069
5468
2334
5563
568
6566
9361
871
405
4808
3971
9107
1747
6191
131
2358
2766
5236
6029
6391
2530
8370
5970
7326
9977
1230
8384
4717
4347
6692
189
8016
5523
10164
6540
5198
2364
9575
704
8373
8636
8572
8410
4027
4491
5951
688
5483
1878
1541
841
5761
1905
4960
2577
6859
1712
6246
9323
7686
2707
8778
1110
4937
7976
3785
2570
9542
2860
512
9307
6854
6264
3086
2216
7108
3456
3373
1423
4945
1496
5325
5363
2590
5332
3472
5924
2439
2515
9494
1457
3239
1949
4595
6728
8896
1329
1383
6399
2412
1294
3849
142
457
6229
101
3775
1600
6598
4861
6437
6774
7804
10084
3442
1683
867
756
761
267
2319
5061
8750
4137
1674
4305
3474
5406
8301
9563
10239
2559
7345
849
1079
8613
7388
9417
10108
8055
2044
7876
8839
6773
925
8482
3494
9889
6538
7928
4574
3783
4629
2629
6807
9644
24
7114
1504
4617
8426
7474
9394
8300
3101
4199
3025
10199
2023
87
10066
2212
1550
3058
3444
4091
8447
7734
1086
5869
213
3284
1038
1940
5454
9721
9220
10177
9839
7427
9500
10082
1472
9724
1338
3579
10051
4949
9407
1677
5017
8619
9508
2186
5830
10114
5631
545
3943
1076
3002
3597
6460
3301
3174
8021
5701
6483
6141
9166
4849
8229
3820
10089
253
5132
307
4207
6301
3599
9471
5110
4867
2866
1241
6317
7738
10002
9723
6582
2602
1005
3809
4532
5344
755
8465
6511
7363
10288
7982
8544
4932
366
8604
4856
6353
9893
7163
3806
1867
2604
5756
5199
7432
4173
5230
5311
956
9292
3769
4969
741
1432
5239
4916
1582
2174
2669
4966
8704
6472
1405
6272
1072
9673
3580
7770
5057
4503
8339
236
6568
2709
1682
1468
3327
6826
3594
6858
4150
10037
8596
9083
4368
273
7966
9852
338
10237
7561
5639
3535
5818
3181
4885
7131
4622
2967
2191
4038
4648
5131
6984
1
6886
8539
2740
9708
1947
8642
5459
7784
1758
769
2283
8899
9138
2253
7484
893
3262
8860
3013
3623
9837
7170
2974
2856
9119
4756
9469
380
6898
1480
8853
7103
1130
5517
1597
9698
5592
4254
757
4461
2949
9971
7811
529
5873
10292
6746
416
987
5583
5134
9776
6649
6518
942
1442
5276
9898
6876
1632
4133
4061
2633
2006
5638
9283
5334
3638
6539
6245
7992
6509
155
9657
7709
7865
5047
9388
2325
7542
2764
4827
4053
7175
5308
2389
1565
8025
7690
2972
8386
7768
2218
285
2601
5589
9320
5752
8610
2380
5263
8047
4911
2760
4691
6523
4214
504
6189
4751
9752
2429
5182
8607
2557
2347
5975
5633
1834
1299
6810
5145
9380
1218
4612
8008
3048
4266
8024
4369
1154
675
4151
2569
5280
2686
6989
4142
1764
5767
4956
3107
10023
2077
2718
6250
5681
3996
6223
626
2489
8118
2600
8002
3083
10176
9395
2228
2104
5804
4975
7230
4877
7068
2343
5055
3036
1708
3819
7386
5306
7077
8038
2379
10024
9014
6720
6942
278
2983
5068
7043
5552
7225
7740
3255
581
6251
358
9289
9639
4338
3156
2311
494
721
5129
2695
1693
9610
5556
1701
6118
7801
4854
7623
9425
3080
7329
5367
3075
5402
9929
10180
582
4005
1502
3261
1831
7461
5163
9382
5425
1540
9666
6753
8914
753
6645
1767
6608
2456
8052
5967
3912
5355
4058
4881
8751
6833
5788
9347
173
6377
2514
2296
7319
6752
3774
8476
5892
6895
4923
8960
542
9655
4828
7314
9793
314
8742
9115
7097
8356
7120
1559
6778
966
4976
9517
9358
7863
3326
5433
4784
2927
7325
9353
1873
8517
5372
5564
998
5728
178
6362
7348
3855
8228
4762
3218
2098
7875
9527
5865
9416
2335
747
4741
606
1321
6429
9686
760
7537
3435
5010
250
7700
5882
634
3602
4024
4437
1955
3663
3060
8919
2953
7384
6209
8133
6001
9145
5723
10340
4175
8170
7085
3303
1735
1262
6324
6124
6623
7126
9887
1229
870
6277
7842
3873
219
2139
3151
3697
5488
835
2952
8252
3564
4769
3400
2089
1348
3211
4740
3458
6062
10223
4004
8289
1816
4636
7382
5544
10235
2496
3288
4414
8651
3946
4701
5453
2307
4157
9897
4158
3094
183
10262
7948
19
8703
1664
9321
8800
5551
8574
6060
3346
9038
9914
6105
7285
7243
2426
8303
4095
3391
7610
693
8348
9968
6636
6171
3114
1471
7024
5119
348
8665
1633
9932
9529
10
10044
491
6406
8639
8355
1527
7655
4189
10105
5046
8711
4206
5547
931
4630
2517
9528
2061
1180
10127
8731
2891
9643
1047
310
3265
3412
2193
9869
5063
9200
10246
4875
5936
8754
9449
305
6438
1070
34
4364
5872
5166
5746
7729
7118
4686
7107
6446
48
5401
2080
4602
513
7260
917
2332
5019
5415
7294
3305
8340
3308
6642
3137
1629
8091
3856
10011
6152
8576
3611
5026
10310
7433
8623
211
7536
711
7961
5290
3003
9042
5428
6800
7526
865
7509
10258
6785
1073
2258
9549
9197
4304
3341
8423
1247
225
2902
6616
6751
3645
8740
1045
4698
3417
2697
467
7253
9939
1525
3250
4656
1961
9362
1029
7079
7820
7136
6631
2555
3449
8326
7001
802
3675
5059
775
629
1491
7334
1418
3408
9310
5466
3928
9208
6216
6043
340
3674
5007
3052
5331
6515
2295
6073
7094
586
7838
5879
3600
7147
3749
6047
3309
2183
768
8947
5135
6881
10098
1860
6044
4382
7138
5349
5745
2779
5328
1822
9424
1796
9409
7115
2608
5210
2717
8119
3434
2685
5910
3041
8614
4025
1781
3750
10088
5354
3120
6080
1863
9730
5598
899
5090
538
5369
2699
8615
7207
5855
6549
8158
6834
5651
10120
9506
8590
8032
5095
2270
5500
842
4421
1929
2145
2544
4110
2210
8602
6758
2446
6355
3267
92
2326
2811
5268
6742
7258
852
7557
4898
5540
1019
10257
1832
5806
4778
4050
6921
234
4352
4909
2185
3860
1607
525
10343
8049
6551
1040
9823
8849
8622
7271
3475
3544
7883
9672
269
3343
5374
9901
1956
2336
7435
5987
3498
9181
2165
4704
2890
10365
8878
6606
7337
8213
4522
3671
8775
9662
1395
73
5675
1686
684
5024
988
5561
7053
1536
1177
7947
3578
2200
5862
456
2219
8670
4855
7282
3810
3079
1001
6455
9598
7031
7467
4466
5890
9775
5027
5946
5169
719
2930
3552
7759
8865
4092
7630
7970
6241
8425
2323
8859
8394
349
2793
8593
531
2894
2176
1909
2563
2504
3164
2330
1128
8266
1221
9616
4454
971
3990
7936
277
9214
7213
8077
8630
124
2398
5051
2100
2229
9016
6159
569
8620
8022
4818
1013
6003
4561
475
2287
9108
3204
800
4450
4144
836
3893
5558
3257
9268
1748
1387
8236
6302
5674
5303
5088
2954
6195
4381
1647
1342
8776
4502
664
9989
10348
3581
4676
2973
3011
6271
5673
2387
3055
1596
5635
3960
2239
10324
6982
1975
770
7058
10086
6415
7565
4331
3321
3443
2778
4632
2244
4715
4722
1613
1015
10222
3190
7937
1266
9761
7422
6040
6144
5585
6093
1371
2002
9957
2227
8034
10132
4253
10293
6704
6489
9097
9645
3573
10166
6288
6700
3254
7773
8948
4890
7405
2235
2010
3788
4064
766
8628
7342
6809
8793
8124
5037
9900
5503
3639
5421
6725
3795
8362
3804
2535
9886
7283
357
4944
2469
3362
2767
10135
5389
5800
7884
8534
7657
279
7070
619
6432
8712
5444
919
7339
2285
7617
2346
4936
3139
3021
1891
8632
4638
125
7211
10117
6579
3246
5427
5898
847
4474
8531
7949
9885
8070
2512
8756
3793
9693
1366
7269
717
10072
2651
7406
2642
2164
4798
88
9615
1340
4344
7327
4671
7840
706
1829
3463
6507
7511
8064
5281
4358
1406
2943
9545
3436
103
9271
5913
10081
4271
8471
4508
5841
6119
5324
2621
9344
3902
6590
9789
9541
8177
6846
10167
7726
2626
6542
2664
4844
6601
1343
3289
8816
7374
10274
6618
3453
3355
9828
1719
8780
3053
7747
9979
2988
928
3817
4997
10070
5906
6169
6052
920
8282
5429
414
9441
6986
9824
2911
5345
489
7143
7127
2135
4087
2701
1204
8981
9536
304
3087
6148
6296
4282
3384
1981
9857
7217
8053
8662
6417
3613
7448
9062
4479
3433
3259
9002
5810
9080
6711
578
2482
7155
6104
10210
7320
8692
5313
4498
5304
3911
6613
3366
1049
4426
5001
8284
7681
9239
9446
1817
3745
5716
10154
4068
6621
9584
9276
6827
9330
2995
8006
718
9183
7701
204
28
2491
3468
8058
9814
2666
2286
6896
3252
8225
6923
5485
5218
2537
7558
2344
6766
5399
10038
9082
3428
1855
8597
5449
5482
9949
6888
134
7584
2689
4122
5118
2427
2612
4169
3351
6595
5434
3089
1881
10178
4449
9359
7279
4291
8691
5823
2196
5386
1513
6657
8554
9403
3589
445
9421
7075
3937
7244
5141
7296
8295
1508
9093
5472
6219
2476
9356
6698
6064
1521
4598
2300
2111
2736
5333
7514
9835
150
5604
46
8511
6990
4468
579
9550
4822
8652
2353
9665
1417
3840
9272
9764
7306
3172
5252
7785
9314
896
2610
1798
2715
8594
1206
7668
3099
1004
7152
10190
7505
2562
2516
10062
10030
1528
2062
4655
6136
6303
1900
26
5394
9960
2095
8060
4901
4815
7896
1043
2937
9490
5224
5984
6026
5261
7919
4735
9818
2723
2583
9043
9087
1105
8573
4200
9943
6733
311
9436
1885
1463
4181
1396
5820
2879
7491
8580
3404
392
5796
9282
7660
8844
2984
9287
5506
7239
9118
9955
877
5901
816
9578
239
9641
128
5727
127
5000
2795
3848
9213
4121
9184
2616
1583
6299
4041
8763
9566
2539
5798
5737
377
3333
3767
8483
8667
9997
4174
2481
7861
4198
4342
6666
3695
7111
2816
7676
7332
1662
6980
2771
6179
1809
1026
5668
7718
9965
6340
5147
2526
4201
9827
4440
10107
2365
5666
6248
4819
5264
4766
8231
185
7270
9021
3830
2401
5279
6111
4721
6279
7819
3768
5933
8419
858
6654
5039
3607
5085
2278
3092
6329
4067
5811
5152
3842
2742
3742
8415
2759
5148
5299
1474
3914
8500
5689
2649
7317
990
4028
8141
7716
5382
3386
4992
4191
911
7495
3868
5171
625
6457
6823
5025
3612
4493
109
6103
9235
9748
8196
4738
686
7221
6224
6729
55
1370
2484
5570
6120
507
5801
8186
6808
4022
991
2589
3312
1543
2796
8411
316
9629
9663
6912
5375
3845
4235
9564
7985
7439
5976
1041
4394
9178
765
612
9739
5174
177
10265
2245
4370
3984
5245
1422
7538
1455
9313
573
8072
4859
3724
4404
7331
2198
8304
2339
99
6730
3899
9343
9821
6811
645
5318
3853
6031
9273
9451
1696
1722
3394
9009
224
6822
5513
8241
3145
7000
6500
1765
1096
3558
2546
4383
4434
2322
5923
4300
3811
7261
7687
6015
5773
7547
408
3135
6306
5370
6821
4605
3723
5398
6609
2266
5770
9991
2989
5930
960
3992
1134
6487
6776
3297
1389
4646
640
4935
441
9150
1644
3532
2025
2807
2356
7577
6347
5990
9813
9586
320
9963
5802
2854
404
7391
4866
9805
10230
6684
2942
1233
7059
8485
9945
7989
10362
1234
8581
153
2735
7533
2611
1626
2267
9836
6284
9924
3169
1681
5608
4662
3686
8178
3608
4958
423
2017
4101
2941
9133
9861
5956
690
5609
5238
6048
6562
975
9871
4436
3188
3721
1327
7257
2896
8936
10229
2152
3567
3424
1871
7595
8136
5807
10161
9743
1850
7929
4203
379
2255
7328
8827
5089
10353
4020
886
1826
2341
1996
6310
4213
5593
9803
7571
10100
196
2536
3213
2074
2705
10337
1168
10016
1778
283
8125
5316
7835
6365
398
303
4153
7166
8085
7751
8875
4054
1492
1462
8261
7761
5494
6430
5193
8672
60
6624
7776
2407
8188
3841
2821
8799
9562
7153
284
9978
4526
10295
643
5847
8856
9732
3216
6211
6832
8217
7816
2926
2385
6985
3217
3659
6676
4227
5458
9772
3538
9269
1806
3916
9072
7123
9129
6770
159
3927
3867
6079
10286
3197
1126
7335
9618
391
9075
5694
5717
5387
1244
6967
56
7900
3119
1870
148
393
3689
1562
7990
6634
7933
10141
977
8407
9384
6901
9105
9335
9574
5484
3755
5091
2920
7570
2016
5499
2703
1034
135
5431
8444
1820
6215
9333
4608
10259
2960
9532
8808
7823
4588
4998
9923
8290
964
5661
7563
3731
1875
9522
6433
8512
7843
8843
1464
3643
4260
1210
3085
2998
8349
9684
3604
420
9498
10026
8673
4685
5296
8383
4327
7310
4355
5596
1684
9386
1958
526
2939
820
8654
6336
4862
8697
3489
9569
294
9122
8390
10314
7670
4590
7198
5526
10182
9696
10009
1361
2015
7174
4631
5845
4393
875
5518
4069
6968
7940
97
1485
1323
6788
1743
6126
8998
6138
6117
6088
2367
4332
1818
3824
9169
1428
1912
8023
1362
10304
9031
8068
1847
8039
5815
8887
10328
337
5784
3251
2241
4180
516
3488
3206
7250
242
4363
1260
6754
30
936
3837
6510
8211
2593
2865
9174
2452
7044
8338
1824
5740
5504
2549
7440
8466
4026
8735
8852
370
9246
9298
9779
9155
9109
8585
9192
1635
4192
6545
6411
748
9135
8744
1639
9767
8179
5840
1309
1680
4475
7013
8311
6853
6253
7219
7113
2682
192
4397
3379
728
5647
2492
7121
3670
4405
5887
8250
1097
4571
4812
515
1443
830
6142
2674
4124
5253
4456
328
6962
5926
4302
2131
7769
5538
10263
458
3761
5747
4649
6085
6922
2230
10307
7052
1574
9377
10121
3084
9826
7237
2832
3891
9984
2702
415
8759
6274
7667
8536
7803
6585
1317
85
4447
7201
2765
7731
5097
5928
9176
8143
1017
6453
4860
4196
5249
2313
3895
8559
8912
9766
4446
671
271
10267
8955
561
194
749
796
2710
5991
3378
639
6689
3500
2883
8190
4565
9376
8452
8018
959
1815
9704
3518
6000
2950
7967
2087
10189
4824
3858
669
3709
7869
5954
210
3772
187
9493
61
8377
4460
4559
3908
2101
4309
9843
10040
9123
2109
2197
3839
4452
611
9110
8257
8237
5591
4476
1416
5870
1091
4950
5002
1000
5237
5566
5305
8663
672
8084
1672
1355
1833
8181
9925
5400
7196
5465
2390
6633
7373
10013
8342
2209
2841
7252
6889
2178
6485
5848
6061
1946
3925
746
7503
10325
4306
6344
5688
2716
10225
6584
1534
6035
6558
556
7459
6803
3034
1459
3142
906
732
7661
2785
6337
1397
2966
1732
5173
5457
9875
2366
4311
1842
4772
4834
7010
1968
9834
3155
1998
6699
6690
523
5242
6501
293
5533
2819
478
3238
10131
10000
2805
1074
2057
4912
5225
1830
5652
2940
4037
7702
4592
5493
4580
9625
2404
1609
812
6995
1164
576
4293
7888
3177
2298
9262
2331
5889
1456
7737
1904
994
9419
7915
1232
9763
862
3934
5576
10287
6927
9254
9822
7926
137
6099
18
8755
8054
4340
4933
2582
1601
9525
9774
4241
9219
2070
6900
4427
1115
1258
3179
4343
8003
7945
3678
9399
5856
7137
8757
5510
4377
4996
7566
2591
7407
5050
5018
4965
7649
5216
9285
8351
8916
986
9104
5878
9787
8719
4929
4276
7793
10007
7188
2628
9768
2932
9487
9680
5831
7470
3093
4576
186
3090
1966
3035
519
1538
3515
468
8313
2688
1106
8877
3621
3704
3115
6731
10218
3348
6581
3319
9034
4557
336
1605
1172
182
676
2756
1141
6217
9295
6379
2728
5678
9027
9720
5498
4835
6321
8331
5860
9605
3829
10213
3271
7370
8075
7482
1646
6592
2751
9026
5664
7621
2338
9223
352
8797
2125
9216
8999
1648
8990
181
1426
7849
363
255
3844
6966
5575
5440
3460
4308
9131
7464
10184
8392
10048
7056
8502
8823
5205
10039
3016
2447
4146
7104
3595
1977
983
4534
8949
4615
6632
7149
9791
9033
1802
8279
373
6156
4647
8945
8183
9561
6512
9794
199
6427
3162
630
7930
2411
1631
1936
869
4086
2394
7854
4995
7355
8135
5460
10301
9085
5690
963
205
10033
2167
1812
191
5852
1071
2632
10195
4642
6655
4668
8870
7045
922
1615
4286
401
9258
8194
7717
1676
6054
2168
4278
3907
8435
6382
7956
4743
9132
859
1694
2034
9804
1219
9177
4409
3495
5942
7268
6824
4697
9210
7954
2470
7067
3570
2179
9907
8549
4770
425
666
7706
10055
2383
5934
947
3763
5562
1514
2133
5186
3377
6703
7171
1813
2317
4132
5885
8398
5179
3526
7037
7579
2871
5032
2058
4597
8850
1649
7036
7454
3345
6732
8421
7581
5771
8707
8193
2288
4586
5489
5223
7046
9167
2614
2187
4059
3766
1087
4315
8523
9815
3225
663
5914
447
1288
864
5083
10318
245
9620
9422
8456
8104
3556
1376
2294
10090
4088
2677
1369
4008
327
6743
3027
2661
8478
8933
549
8687
8470
8420
8548
5520
347
1173
9047
4986
6158
10169
6351
1012
9830
2650
443
3994
7140
6578
7518
3264
8686
4295
632
6688
6892
5724
10268
2761
6402
3393
5293
3455
6221
954
90
4572
7978
5557
1800
2214
5295
4765
5309
7755
2878
4335
1236
8724
8806
9303
8611
1014
821
7959
10065
4666
8189
1739
6747
4163
7758
7324
8428
1661
7968
2711
6150
7591
7200
10099
7596
7714
673
8874
4359
2991
810
2435
2003
9415
7162
7429
4537
3136
8720
8299
3869
108
4707
8698
3118
4459
9504
5294
1107
454
3281
10212
6032
7424
584
200
10181
2900
8337
6656
76
7975
63
1275
2828
2827
4485
1437
2035
2114
8547
6307
2834
3243
3569
9117
7827
6955
8784
5277
1214
819
10096
7618
5945
4624
7032
9114
10320
8872
1319
4748
4988
6708
9126
4780
7903
22
10276
8453
7874
4728
7705
9543
8168
8946
9103
2843
6938
968
7399
6218
551
2921
1914
3673
4737
9363
4489
6434
9284
446
6178
2122
1691
5708
6021
9066
4616
10042
6424
8567
1320
1351
3282
4645
5390
3473
1558
4330
8928
2471
9613
3799
8753
1725
1532
3881
4263
4514
331
7995
7229
3228
541
798
6381
2350
9902
2123
7774
8514
3743
7081
3727
8942
1530
6535
743
7528
7606
9646
2478
4319
7144
7608
7760
3977
3565
7383
889
4530
5491
2622
6958
5076
5497
9189
4083
8082
6091
5247
2029
9334
8314
2897
687
10285
222
9973
7039
3641
3437
7361
2051
10241
3413
5300
8957
1890
2665
8824
4252
115
4367
7795
7996
1687
915
8970
6602
8152
8788
5243
6925
1271
2700
6987
2240
9474
2853
2083
9520
9797
4847
7302
6873
6197
2508
7254
9765
1768
9780
7513
6974
4391
2899
1256
4606
8863
2721
8510
339
4099
4448
2449
9411
3031
2400
3005
1447
509
8725
4314
5654
4371
4182
7308
3
1545
2863
2237
4288
495
8184
10336
8320
9927
3973
198
413
5246
9341
9689
2917
8562
1945
3972
6913
1624
8838
6750
2328
4851
5184
8767
7012
6041
7307
2924
8004
10334
5464
4626
10209
3028
4412
2637
3823
3801
6490
2119
3421
5159
4660
7832
479
1845
1023
4948
2048
7973
3736
3325
2731
5757
1392
6530
511
9951
7048
9593
9232
2838
6693
521
3945
7904
2747
71
9921
8127
1805
5165
4147
10260
3622
6192
154
8276
3369
2337
8835
2527
918
263
5054
7796
6779
8357
2553
280
2798
7411
8216
5271
8030
6074
1557
10071
9496
10289
2885
6413
8345
5573
4570
658
7638
3715
10206
4869
7066
51
7969
8477
8792
9278
426
1022
2599
5819
6392
3987
7089
5094
5993
6737
4346
4218
3756
731
2663
1237
7145
4017
8495
3762
2620
550
9820
7695
6769
5087
4724
9954
7666
2605
7515
4939
6897
7297
3787
8463
6468
3441
2845
8812
4167
2774
268
5738
6908
6400
1267
3821
2140
10143
6161
3195
1209
4584
2059
3148
2867
10109
5206
9198
10284
31
532
879
4731
3814
7178
8527
2377
7469
6275
223
6972
8528
3163
3875
9940
4973
5381
302
1889
38
7194
3713
7372
8204
3448
459
7102
540
9687
1716
6903
5927
4681
1368
5864
9000
8769
8834
4443
3024
7598
3452
2419
4469
7423
962
481
8986
9475
8182
6287
5531
4299
2803
1606
7852
567
1146
9460
8584
444
5560
6902
6723
7323
6007
3128
3576
1982
5821
2149
1080
1611
1792
3816
4782
6439
2712
382
5116
8962
1449
9707
8402
9783
6174
7753
6471
1132
6533
238
5170
3584
431
1733
4357
5846
3813
7290
6794
7648
8569
9387
9576
767
4525
5794
7531
5754
5646
6113
2195
4837
8854
8664
4978
10315
100
10332
5922
1429
8964
1268
3628
5403
7682
4298
7911
10122
8971
8819
2792
9964
2521
2934
621
8927
790
5543
1705
9580
4716
9926
6046
5213
3331
4585
5955
395
8956
1283
9024
1384
1653
2905
9631
8851
3915
7899
8292
5380
2739
4924
1859
3703
4116
1879
8173
2464
736
3520
7277
8675
3965
9547
3939
5702
96
10014
2182
484
10034
2445
7112
6498
5397
1906
5142
1324
8255
6628
8873
368
10137
8777
788
7958
5102
6727
5758
2839
7090
10331
3644
9041
9462
5379
6956
8169
3144
2522
8278
2888
1774
9154
3357
1265
6243
2453
3593
5442
5111
5958
3196
8974
3332
1354
5684
6668
7543
5775
3477
7851
2475
9922
2691
2846
8537
7764
9956
6205
3575
5769
8902
4324
4850
1081
6051
2708
323
7400
4250
943
984
7952
4791
705
8890
10277
3859
7480
6499
7465
744
442
6738
3358
7593
2551
5364
9455
2072
7500
3323
1065
9944
7184
8148
1799
2615
8541
615
10244
8105
388
6055
3862
2503
6231
4573
3901
10049
607
9741
2233
4604
9396
5164
4439
530
3356
1439
6709
1414
3226
3478
7442
2812
1190
3227
6701
9297
10197
4374
4652
10145
9468
8492
3733
6640
7249
6653
4376
9032
9286
5106
3506
7449
7304
9456
9351
3918
6030
1133
6143
7029
2858
724
2918
4375
5
9734
9187
3285
9225
4872
9941
11
8102
9918
843
9987
9711
4884
2249
6492
9511
6864
803
261
258
562
10080
10063
8391
6957
5008
4710
737
7523
1325
10004
1570
5081
8922
6547
1272
8503
7023
9516
2887
9519
958
8043
9231
9106
6997
8273
4783
7633
2547
102
4329
403
9817
6805
3445
9819
8807
6983
1808
7882
9558
4990
9990
3894
436
6356
10059
6333
8883
9094
1042
8116
3920
7765
4215
6109
708
4892
8045
6407
3223
8846
3759
10043
3765
4423
195
1293
9647
8417
5181
471
5162
1306
6226
9846
6946
2693
1907
9461
2987
5569
4582
9589
7674
5350
827
138
9747
6934
6552
2038
5447
6280
130
10240
694
450
10148
932
1137
5514
8418
8841
955
1314
10224
1144
4290
3046
5957
6740
6147
5474
3438
3751
7562
8995
3022
4730
4907
4078
10296
7434
9946
9975
1402
3004
117
2486
6818
376
8449
8328
3798
5567
3591
1843
6749
1673
1493
7589
2976
2524
4746
3392
6202
6130
4425
2501
2923
7042
4407
4042
1892
8165
7336
1385
8773
3012
10076
8904
5597
891
603
4785
3664
6519
5009
9851
3732
2128
8624
4275
6239
8588
7441
9355
4395
1950
5971
7813
9737
1992
8305
8921
3596
6334
4719
8683
6443
9423
776
1018
9658
383
10364
2579
4185
8678
5535
6200
1178
8952
5126
1451
4577
2660
8552
8207
1697
3782
6588
3998
7673
735
1854
4403
3091
5343
9229
1488
7234
8714
5195
4919
9006
5086
7057
8550
3995
5194
8715
2556
5122
642
4033
2931
5207
5201
10119
8880
4789
2004
9153
6140
3910
4515
8828
10319
2992
5734
5267
6831
2809
2724
6416
5799
3457
4205
1894
9428
5881
9512
9463
2679
4416
8988
2820
149
912
4581
6610
5262
7699
10158
4842
2031
3616
4742
6678
3138
2368
6308
506
829
8010
1215
3125
10163
1872
5189
9090
1393
6706
4481
8941
1618
2232
5792
5888
5034
7180
10022
4964
5868
4135
6625
6024
1761
1801
1959
4422
9816
1353
5726
723
7767
9316
10010
9348
244
6707
6926
1482
10057
8905
6395
8781
5843
8688
1837
2115
10255
8012
7421
318
5601
725
734
9572
9175
2908
3232
7065
651
5445
7710
2654
5212
9432
8457
8898
6961
9337
7117
2567
2451
1316
3752
9538
5797
9863
1430
1877
6084
8520
715
4341
8238
2532
6255
3026
1031
2510
7569
7548
8991
9702
7944
37
1599
6256
784
9518
8575
3705
6298
2479
3170
1736
3316
5851
4670
8132
5190
25
2823
9096
7026
5327
726
6673
7404
1119
6384
2548
2305
2213
3482
1313
3802
4125
5033
152
1140
8096
1669
4283
6352
6587
6563
4399
1162
8764
4725
4284
1500
119
7750
7757
3779
3562
5053
4070
6086
2794
4230
6577
2684
9565
3236
3851
1737
4921
6479
7643
9812
9215
4773
6470
5559
6762
5161
2
3926
6292
3905
8617
8657
1484
10214
6575
8455
10192
9656
6403
4076
122
2630
6840
4413
8026
9831
9483
8080
4814
8432
7344
15
1750
6528
10159
2121
6339
9157
10036
4506
9030
5617
8661
1776
799
8107
3054
4365
4688
6025
3280
8795
4077
3116
8982
1084
4838
7647
8315
7651
6206
4505
10147
3978
2634
8976
315
7191
2636
3349
908
4148
3256
8649
4478
8222
8656
9068
3395
7450
110
3000
3609
3018
3903
7473
3212
8083
7534
143
5548
6410
9882
4868
8689
2192
7199
6918
218
6679
7226
2144
362
1650
2528
8487
3718
2844
9614
5342
7573
4482
8650
8565
2881
3652
5952
8100
733
5117
4749
8847
10003
2225
7818
9478
3260
9067
8589
4362
5541
3406
5021
3279
4019
9086
9497
6442
2566
6396
6322
7295
8907
4922
6820
6033
4641
2741
4322
228
418
8333
5749
6607
4974
5100
10308
4424
7780
4400
9148
2581
6276
4703
7885
5939
1153
7301
2946
3459
8150
7889
8862
4763
5629
6914
6677
5721
2485
1380
160
9800
8171
6488
7204
2511
7665
9777
3340
9695
6713
8726
7545
5787
7578
978
6917
7772
9967
7210
2076
345
1024
9713
2502
1667
3550
9539
2986
1216
2371
5919
10312
1151
3336
7364
4023
14
2772
2737
6349
8037
3359
1276
3543
5511
5101
8747
8529
6784
3877
1794
3754
5022
7810
8925
4131
6953
6991
8903
5320
7284
8938
1857
9211
3547
1182
5546
9619
6569
2007
4910
1811
7169
6891
42
6125
9374
5231
4684
6712
1628
3838
1934
3310
9623
5605
1731
8609
6459
5978
2374
6369
1328
9899
8269
8015
